125464
148916
152656
129964
149512
150282
183490
162430
144432
195083
132145
150378
161481
127375
165625
161936
121171
162182
143060
104979
106537
109930
106232
151744
170233
104366
115082
176915
196348
197855
193155
132737
177232
194921
192011
194256
128061
105058
147142
189816
198771
158267
111332
178220
184586
153302
126943
192774
117994
118652
174130
167186
130088
156242
124331
172616
167876
172292
177224
134210
116050
147245
146091
134622
185485
174213
106334
160324
138347
132088
132283
175779
147917
149145
148953
159740
166142
192708
127416
163408
104737
184279
190530
138710
194100
102321
122236
148436
129052
191915
132041
144135
101516
105781
120941
190409
110082
146288
148998
137560